family
01010101020202020202050505050505
03030303030606060606000000000000
03030303030606060606000000000000
03030303030606060606000000000000
04040404040404040404040404040404
01010101000006060606000000000000
07070707070808080808090909090900
07070707070808080808090909090900
07070707070808080808090909090900
0a0a0a0a0a0a0a0a0a0a0a0a0a0a0a0a
00000000000000000000000000000000
00000000000000000000000000000000
00000000000000000000000000000000
00000000000000000000000000000000
00000000000000000000000000000000
00000000000000000000000000000000

weight
00000000001111111111000000000000
00000000000000000000000000000000
00000000000000000000000000000000
00000000000000000000000000000000
0000000000ffffffffffffffffffffff
ffffffff0000ffffffff000000000000
00000000000000000000000000000000
00000000000000000000000000000000
00000000000000000000000000000000
0000000000ffffffffffffffffffffff
00000000000000000000000000000000
00000000000000000000000000000000
00000000000000000000000000000000
00000000000000000000000000000000
00000000000000000000000000000000
00000000000000000000000000000000

physics
00000000050505050505050505050505
01010101010202020202010101010100
01010101010202020202010101010100
01010101010202020202010101010100
01010101010101010101010101010101
00000000010101010101010000000000
01010101010101010101010101010100
01010101010101010101010101010100
01010101010101010101010101010100
01010101010101010101010101010101
00000000000000000000000000000000
00000000000000000000000000000000
00000000000000000000000000000000
00000000000000000000000000000000
00000000000000000000000000000000
00000000000000000000000000000000

neighbors
00000000000000000000000000000000
0b1f16fefb0b1f16fefb000000000000
6bffd6df7f6bffd6df7f000000000000
68f8d0000068f8d00000000000000000
08181000001818181818181818181818
00000000000000000000000000000000
0b1f16fefb0b1f16fefb0b1f16fefb00
6bffd6df7f6bffd6df7f6bffd6df7f00
68f8d0000068f8d0000068f8d0000000
08181000000000000000000000000000
00000000000000000000000000000000
00000000000000000000000000000000
00000000000000000000000000000000
00000000000000000000000000000000
00000000000000000000000000000000
00000000000000000000000000000000

